RBL : 15.005906674542233
 IRBL : 17.084734364492267
 IRBL : 18.303314121037463
 IRBL : 14.642651296829971
 IRBL : 17.803083391730905
 IRBL : 34.23854447439353
 IRBL : 3.1720564365089277
 IRBL : 1.0
 IRBL : 2.3412588701502166
13.732394403298391
oversample: 2592  undersample: 94587
